POP_GROUPING	G	NUM_LOCI	MEAN	VAR	STD_ERR
AMERICA	1	3	0.508681	0.0510616	0.130463
AMERICA	2	3	0.490533	0.0244925	0.0903559
AMERICA	3	3	0.485119	0.064121	0.146197
AMERICA	4	3	0.456349	0.143471	0.218686
AMERICA	5	3	0.405258	0.23109	0.277543
AMERICA	6	3	0.342262	0.316034	0.324569
EUROPE	1	3	0.545139	0.0668764	0.149306
EUROPE	2	3	0.739286	0.145724	0.220397
EUROPE	3	3	0.887968	0.191438	0.252612
EUROPE	4	3	1.00794	0.287037	0.30932
EUROPE	5	3	1.10714	0.471735	0.396541
EUROPE	6	3	1.19048	0.768282	0.506057
EAST_ASIA	1	3	0.536458	0.013048	0.0659494
EAST_ASIA	2	3	0.882596	0.0468413	0.124955
EAST_ASIA	3	3	1.1875	0.0963807	0.17924
EAST_ASIA	4	3	1.43254	0.185705	0.2488
EAST_ASIA	5	3	1.60962	0.332958	0.333145
EAST_ASIA	6	3	1.72321	0.562739	0.433105
