POP_GROUPING1 POP_GROUPING2 G NUM_LOCI D12S1638 D9S1779 D7S2477 MEAN VAR STD_ERR
AMERICA EUROPE 1 3 0.229167 0.260417 0 0.163194 0.0202185 0.0820944
AMERICA EUROPE 2 3 0.25119 0.297619 0 0.182937 0.0256382 0.092445
AMERICA EUROPE 3 3 0.339286 0.175383 0 0.171556 0.0287897 0.097962
AMERICA EUROPE 4 3 0.52381 0.0714286 0 0.198413 0.0806878 0.164
AMERICA EUROPE 5 3 0.744048 0.0178571 0 0.253968 0.180213 0.245094
AMERICA EUROPE 6 3 0.964286 0 0 0.321429 0.309949 0.321429

AMERICA EAST_ASIA 1 3 0.15625 0.109375 0.25 0.171875 0.00512695 0.0413399
AMERICA EAST_ASIA 2 3 0.057398 0.154337 0.464286 0.22534 0.0451705 0.122706
AMERICA EAST_ASIA 3 3 0 0.241071 0.642857 0.294643 0.105469 0.1875
AMERICA EAST_ASIA 4 3 0 0.392857 0.785714 0.392857 0.154337 0.226816
AMERICA EAST_ASIA 5 3 0 0.558036 0.892857 0.483631 0.203451 0.260417
AMERICA EAST_ASIA 6 3 0 0.723214 0.964286 0.5625 0.251834 0.289732

EUROPE EAST_ASIA 1 3 0.125 0.114583 0.166667 0.135417 0.000759549 0.0159117
EUROPE EAST_ASIA 2 3 0.113095 0.147619 0.433333 0.231349 0.0308962 0.101483
EUROPE EAST_ASIA 3 3 0.1875 0.202168 0.642857 0.344175 0.066962 0.149401
EUROPE EAST_ASIA 4 3 0.333333 0.333333 0.785714 0.484127 0.0682162 0.150794
EUROPE EAST_ASIA 5 3 0.520833 0.520833 0.892857 0.644841 0.0461339 0.124008
EUROPE EAST_ASIA 6 3 0.75 0.75 0.964286 0.821429 0.0153061 0.0714286

