AMERICA 1 3 1 0 0
AMERICA 2 3 1.34524 0.0973639 0.180152
AMERICA 3 3 1.54762 0.256803 0.292576
AMERICA 4 3 1.69048 0.420068 0.374196
AMERICA 5 3 1.80357 0.581952 0.440436
AMERICA 6 3 1.89286 0.73852 0.496159
AMERICA 7 3 1.95833 0.880208 0.541667
AMERICA 8 3 2 1 0.57735

EUROPE 1 3 1 0 0
EUROPE 2 3 1.6 0 0
EUROPE 3 3 2 0 0
EUROPE 4 3 2.33333 0 0
EUROPE 5 3 2.66667 2.95823e-31 3.14018e-16
EUROPE 6 3 3 0 0

EAST_ASIA 1 3 1 0 0
EAST_ASIA 2 3 1.78571 0.0242347 0.089879
EAST_ASIA 3 3 2.42262 0.135948 0.212876
EAST_ASIA 4 3 2.95238 0.338435 0.335875
EAST_ASIA 5 3 3.39881 0.59003 0.443482
EAST_ASIA 6 3 3.77381 0.849915 0.532264
EAST_ASIA 7 3 4.08333 1.09896 0.605243
EAST_ASIA 8 3 4.33333 1.33333 0.666667

