POP_GROUPING	LOCUS	G1	G2	G3	G4	G5	G6	G7	G8
AMERICA	D12S1638	1	1.42857	1.64286	1.78571	1.89286	1.96429	2	2
AMERICA	D9S1779	1	1.60714	2	2.28571	2.51786	2.71429	2.875	3
AMERICA	D7S2477	1	1	1	1	1	1	1	1
EUROPE	D12S1638	1	1.6	2	2.33333	2.66667	3	NA	NA
EUROPE	D9S1779	1	1.6	2	2.33333	2.66667	3	NA	NA
EUROPE	D7S2477	1	1.6	2	2.33333	2.66667	3	NA	NA
EAST_ASIA	D12S1638	1	1.60714	2	2.28571	2.51786	2.71429	2.875	3
EAST_ASIA	D9S1779	1	1.85714	2.58929	3.21429	3.75	4.21429	4.625	5
EAST_ASIA	D7S2477	1	1.89286	2.67857	3.35714	3.92857	4.39286	4.75	5
