AMERICA EUROPE 2 3 0.182937 0.0256382 0.092445
AMERICA EUROPE 3 3 0.171556 0.0287897 0.097962
AMERICA EUROPE 4 3 0.198413 0.0806878 0.164
AMERICA EUROPE 5 3 0.253968 0.180213 0.245094
AMERICA EUROPE 6 3 0.321429 0.309949 0.321429

AMERICA EAST_ASIA 2 3 0.22534 0.0451705 0.122706
AMERICA EAST_ASIA 3 3 0.294643 0.105469 0.1875
AMERICA EAST_ASIA 4 3 0.392857 0.154337 0.226816
AMERICA EAST_ASIA 5 3 0.483631 0.203451 0.260417
AMERICA EAST_ASIA 6 3 0.5625 0.251834 0.289732

EUROPE EAST_ASIA 2 3 0.231349 0.0308962 0.101483
EUROPE EAST_ASIA 3 3 0.344175 0.066962 0.149401
EUROPE EAST_ASIA 4 3 0.484127 0.0682162 0.150794
EUROPE EAST_ASIA 5 3 0.644841 0.0461339 0.124008
EUROPE EAST_ASIA 6 3 0.821429 0.0153061 0.0714286

